0 # 1 1 1 1 1 1 1 1 1 1 1 1 1 # 1 1 1 1 1 1 1 1 1 1 1 # 1 1 1 1 1 1 1 1 1 1 1 1 1 1 1 1 1 1 1 9 9 9 9 8 8 8 8 7 7 7 7 6 6 6 6 6 6 5 5 5 5 5 5
1 # 1 # # # # # # # 1 1 # # 1 # 1 1 1 1 1 1 1 # # # 1 # # # # # 1 # # 1 1 1 # 1 # 1 1 1 1 1 1 9 9 9 9 8 8 8 8 7 7 7 7 6 6 6 6 6 5 5 5 5 5 5 5
2 # 1 1 1 1 1 # 1 1 1 # 1 1 1 # 1 # 1 1 1 1 1 1 1 # 1 1 1 1 1 # 1 1 1 1 1 1 1 # 1 1 1 1 1 1 1 9 9 9 9 8 8 8 8 7 7 7 7 6 6 6 6 6 5 5 5 5 5 5 5
3 # # # 1 # # # 1 # # 1 1 # # # 1 1 # 1 1 1 # # 1 1 # # # # 1 # 1 1 1 # 1 1 1 1 1 1 1 1 1 1 9 9 9 9 9 8 8 8 8 7 7 7 7 6 6 6 6 6 5 5 5 5 5 5 5
4 1 1 1 1 # 1 1 1 # 1 # 1 # 1 1 1 1 1 1 1 1 1 # 1 # 1 1 1 # 1 # 1 1 1 1 1 1 1 1 1 # 1 1 1 9 9 9 9 9 9 8 8 8 8 7 7 7 7 6 6 6 6 6 5 5 5 5 5 5 5
5 # # # # 1 1 # # # 1 # 1 # # # # # # # # # # # 1 # 1 # # # 1 # # # # # 1 1 1 1 1 1 1 1 1 9 9 9 9 9 9 8 8 8 8 7 7 7 7 6 6 6 6 6 5 5 5 5 5 5 4
6 7 8 9 1 # 1 # 1 1 1 1 1 # 1 1 1 1 1 1 1 1 1 1 1 # 1 1 1 1 1 # 1 1 1 1 1 # 1 1 1 1 1 1 1 9 9 9 9 9 9 8 8 8 8 7 7 7 7 6 6 6 6 6 5 5 5 5 5 5 4
# # # # 1 # 1 # 1 1 1 # 1 # 1 # # # # # # # # # # 1 1 # # # # # 1 # # # # 1 1 1 1 1 1 1 1 9 9 9 # 9 8 8 8 8 8 7 7 7 7 6 6 6 6 6 5 5 5 5 5 5 4
1 1 1 # 1 # 1 # 1 1 1 1 1 1 1 # 1 1 1 1 1 1 1 1 1 1 1 # 1 1 1 # 1 # 1 1 1 1 1 1 1 1 1 1 1 9 9 9 9 9 8 8 8 8 8 7 7 7 7 6 6 6 6 6 5 5 5 5 5 5 4
1 1 1 # 1 # 1 # # # # # # # # 1 1 1 1 # # # # # # # 1 # 1 # 1 # 1 # 1 1 1 1 1 1 1 1 1 1 1 9 9 9 9 9 8 8 8 8 8 7 7 7 7 6 6 6 6 6 5 5 5 5 5 5 4
1 # 1 # 1 # 1 1 1 # 1 1 1 # 1 1 1 1 1 # 1 1 1 1 1 # 1 1 1 # 1 # 1 # 1 1 1 # 1 1 1 1 1 1 1 9 9 9 9 9 8 8 8 8 8 7 7 7 7 6 6 6 6 6 5 5 5 5 5 5 4
1 1 # # 1 # # # 1 # 1 # 1 # 1 1 # 1 # # 1 # # # 1 # # # # # 1 # 1 # # 1 1 # 1 1 # 1 1 1 9 9 9 9 9 9 8 8 8 8 7 7 7 7 7 6 6 6 6 6 5 5 5 5 5 5 4
1 # 1 1 1 # 5 # 1 1 1 # 1 # 1 1 1 # 1 1 1 # 2 # 1 1 1 1 1 # 1 1 1 # 1 1 1 1 1 # 1 1 1 9 9 9 9 9 9 9 8 8 8 8 7 7 7 7 7 6 6 6 6 6 5 5 5 5 5 5 4
1 # 1 # # # 4 # # # # # 1 # # # # # 1 # # 2 2 2 # # # # 1 # # # # # # # # # # 1 1 1 9 9 # # 9 # 9 # 8 8 8 8 7 7 7 7 7 6 6 6 6 6 5 5 5 5 5 5 4
1 # 2 # 5 4 4 4 5 5 5 # 1 1 1 1 1 # 1 # 2 2 2 2 2 2 2 # 1 1 1 1 1 1 1 1 1 # 1 1 1 # 9 9 9 9 9 9 8 8 8 8 8 7 7 7 7 7 7 6 6 6 6 6 5 5 5 5 5 5 4
1 # 2 2 # # 4 # # # 5 5 # # # # 1 # 1 # 2 2 2 2 2 2 2 2 # # # # # # # # 1 # # # 1 1 9 9 9 9 9 9 8 8 8 8 8 7 7 7 7 7 6 6 6 6 6 6 5 5 5 5 5 5 4
1 # 2 # 4 4 4 # 6 # 5 # 2 2 2 # 1 1 1 # 2 # 2 2 2 2 2 2 2 2 2 2 1 1 1 # 1 1 1 # 1 1 9 9 9 9 9 9 8 8 8 8 8 7 7 7 7 7 6 6 6 6 4 4 4 4 4 4 4 4 4
1 # 2 # 4 # # 6 6 # 5 # 2 # 2 # # # # # 2 2 2 2 # 2 2 2 # # # # 1 # 1 1 # # 1 # # 1 9 9 9 9 9 9 8 8 8 8 8 7 7 7 7 7 6 6 6 6 4 # # # # # # # #
1 # 2 # 4 # 6 6 6 # 5 # 2 2 2 2 2 2 2 2 2 2 2 2 2 2 2 2 2 2 1 1 1 1 1 1 1 # 1 1 1 # 9 9 9 9 9 8 8 8 8 8 8 7 7 7 7 6 6 6 6 # 4 # 3 3 3 3 3 3 3
1 # 2 # 4 # # # 6 # 5 # 2 # 2 2 # # 2 # 2 # # # # 2 2 2 2 2 1 # 1 1 1 1 1 # # # 1 # # # 9 9 9 8 # 8 8 8 8 7 7 7 7 6 6 # # # 4 # 3 # # # # # 3
1 # 2 # 4 3 3 # 6 5 5 # 2 2 2 2 2 # 2 # 2 2 2 2 2 # 2 2 2 2 1 1 1 1 1 1 1 # 1 # 1 # 9 # 9 9 9 8 8 8 8 8 8 7 7 7 7 6 6 6 4 4 4 # 3 # 3 3 3 3 3
9 # 2 # 4 # 3 # 6 # # 2 2 # # # 2 # 2 2 # 2 2 2 2 2 2 2 2 2 1 1 1 1 1 1 # 1 1 # 1 # 9 9 9 9 8 8 # # # # # 7 7 7 7 6 6 # 4 # # # 3 # 3 # # # 3
9 # 2 # 4 # 3 # 6 # 2 2 2 2 2 2 2 2 2 # 2 2 2 2 2 2 2 # 2 2 1 1 1 1 1 1 1 1 1 # 1 # 9 9 9 8 8 # 1 1 1 # 1 7 7 7 7 # 4 4 4 # 3 # 3 # 3 3 3 # 3
9 # 2 # # # 3 # 6 # # # # # 2 # 2 2 2 # 2 2 2 # 2 2 2 2 2 2 1 1 1 1 1 1 1 1 1 # 1 # # # # # # # 1 # 1 # 1 # # # # # 4 # # # 3 # 3 # # # 3 # #
9 # 3 3 3 3 3 # 6 6 6 6 6 # 2 2 2 # 2 2 2 2 2 2 2 2 2 2 2 2 1 1 1 1 1 1 1 1 1 # 1 1 1 1 1 1 1 1 1 # 1 1 1 1 1 # 4 4 4 # 3 3 3 # 3 # 3 # 3 3 3
9 # # # # # # 8 # # # # 6 # # 2 2 2 2 2 2 2 2 2 2 2 2 # 2 2 1 1 1 1 1 1 1 # # # # # # # 1 # # # # # # # # # 1 # 4 # # # 3 # 3 # 3 # 3 # # # 3
9 # 8 8 8 8 8 7 7 7 7 # 7 # 2 2 2 2 2 2 2 2 2 2 2 2 2 2 2 2 1 1 1 1 1 1 1 1 1 # 1 1 1 # 1 # 1 # 1 1 1 1 1 # 1 # 4 4 4 # 3 # 3 3 3 3 3 3 3 # 3
9 # 8 # # # # # 7 # 7 # 7 # 2 2 2 2 2 2 2 2 2 # # 2 2 2 2 2 1 1 1 1 1 1 1 1 1 # 1 # 1 # 1 # 1 # 1 # # # 1 # # # # 4 4 4 3 # # # # # 3 3 # # 3
9 8 8 # 2 2 2 # 8 8 7 7 7 # 2 2 2 2 2 2 2 2 2 2 2 2 2 2 2 2 1 1 1 1 1 1 1 1 1 1 1 1 1 # 1 # 1 # 1 # 1 1 1 1 1 1 1 4 4 4 3 4 4 # 3 3 3 # 3 3 3
9 8 # 2 2 2 2 2 # # # # # # 2 2 # # 2 2 2 2 2 2 # 2 2 2 2 2 1 1 1 1 1 1 1 1 # # 1 # 1 # 1 # 1 # 1 # # # # # # # 1 4 4 4 3 4 4 4 # # # # 3 # #
9 8 9 9 2 2 2 2 2 2 2 2 2 2 2 # 2 2 2 2 2 2 2 2 2 2 2 2 2 2 1 1 1 1 1 1 1 1 1 1 1 # 1 # 1 1 1 # 1 1 1 # 1 1 1 1 1 # 4 4 3 # 4 3 3 3 3 # 3 3 3
# # # 9 2 # 2 # 2 # # # # 2 2 2 2 # 2 2 2 2 2 2 2 2 2 2 2 2 1 1 1 1 1 1 1 1 1 1 1 # 1 1 # # 1 # # # 1 # # # 1 # 1 # 4 4 3 4 4 3 3 # 3 # 3 # 3
2 2 2 9 2 2 2 2 2 2 2 2 2 2 2 2 2 2 2 2 2 2 2 2 2 2 2 2 2 2 1 1 1 1 1 1 1 1 1 1 1 1 1 1 1 1 1 1 1 # 1 # 1 1 1 # 1 1 4 4 3 4 4 3 3 # 3 # 3 # 3
2 # 2 9 9 2 2 2 2 2 2 # 2 2 2 # 2 # 2 2 2 2 2 2 2 2 2 2 2 2 1 1 1 1 1 1 1 1 1 1 1 1 1 1 1 1 # 1 # 1 1 1 1 1 1 1 1 4 4 # 3 4 4 3 3 # 3 3 # # 3
2 2 2 # 9 2 2 2 2 2 2 # 2 2 2 2 2 2 2 2 2 2 2 2 2 2 2 2 2 2 1 1 1 1 1 1 1 1 1 1 1 1 1 1 1 1 1 1 1 1 1 1 1 1 1 1 1 4 3 3 3 # 3 3 3 3 3 3 3 # 3
2 2 2 2 9 2 2 2 2 2 2 2 2 2 2 2 2 2 2 2 2 # 2 2 2 2 2 2 2 2 1 1 1 1 1 1 1 1 1 1 1 1 1 1 1 # 1 1 1 1 1 1 1 1 1 1 1 4 3 3 3 # 3 # 3 3 3 3 3 # 3
2 # 2 2 9 # 2 2 2 2 2 2 2 # 2 2 2 2 2 2 2 2 2 2 2 2 2 2 2 2 1 1 1 1 1 1 1 1 1 1 1 1 1 1 1 1 1 1 1 1 1 1 1 1 1 1 1 4 3 3 3 3 3 # 3 3 3 3 3 # 3
2 2 2 2 9 2 2 2 2 2 2 2 # 2 2 2 2 2 2 2 2 2 2 2 2 2 2 2 2 2 1 1 1 1 1 1 1 1 1 1 1 1 1 1 1 1 1 1 1 1 1 1 1 1 1 1 1 4 3 # 3 # 3 3 # # # # # # 3
2 2 2 # 1 2 2 2 2 2 2 2 2 2 2 2 2 2 2 2 2 2 2 2 2 2 2 2 2 2 1 1 1 1 1 1 1 1 1 1 1 1 1 1 1 1 1 1 1 1 1 1 1 1 1 1 1 4 3 # 3 3 3 # 3 3 3 3 3 3 3
2 2 1 1 1 2 2 2 2 2 2 2 2 # 2 2 2 2 2 2 2 2 2 2 2 2 2 2 2 2 1 1 1 1 1 1 1 1 1 1 1 1 1 1 1 1 1 1 1 1 1 1 1 1 1 # 4 4 3 3 # 3 # # 3 # # # # # 2
2 2 1 1 1 2 2 2 2 2 2 2 2 2 2 2 2 2 2 2 2 2 2 2 2 2 2 2 2 2 1 1 1 1 1 1 1 1 1 1 1 1 1 1 1 1 1 1 1 1 1 1 1 # 1 1 4 # 3 3 3 # 3 3 3 3 3 3 3 # 2
2 2 1 1 1 2 2 2 2 2 2 2 2 2 2 2 2 2 2 2 2 2 2 2 2 2 2 2 2 2 1 1 1 1 1 1 1 1 1 1 1 1 1 1 1 1 1 1 1 1 1 1 1 1 1 1 4 # 3 3 3 3 # # 3 3 # # # # 2
2 2 1 1 1 2 2 2 2 2 2 2 2 2 2 2 2 2 2 2 2 2 2 2 2 2 2 2 2 1 1 1 1 1 1 1 1 1 1 1 1 1 1 1 1 1 1 1 1 1 1 1 1 1 1 1 4 4 3 # 3 3 3 # 3 # 2 2 2 # 2
2 2 1 1 1 2 2 2 2 2 2 # 2 2 2 2 2 2 2 2 2 2 2 2 2 2 2 2 2 1 1 1 1 1 1 1 1 1 1 1 1 1 1 1 1 1 # 1 1 1 1 1 1 1 # 1 4 4 3 3 # 3 3 3 # # 2 # 2 # 2
2 2 1 1 1 2 2 2 2 2 2 2 2 2 2 2 2 2 2 2 2 2 2 2 2 2 2 2 2 1 1 1 1 1 1 1 1 1 1 1 1 1 1 1 1 1 1 1 1 1 1 # 1 1 1 # 4 # 3 3 3 3 3 3 3 # 2 # 2 2 2
2 2 1 1 1 2 2 2 2 2 2 2 2 2 2 2 2 2 2 2 2 2 2 2 2 2 2 2 2 1 1 1 1 1 1 1 1 1 1 1 1 1 1 1 1 1 1 1 1 # 1 1 1 1 1 1 4 # # 3 3 # # # 3 # 2 # # 2 2
2 2 1 1 1 2 2 2 2 2 2 2 2 2 2 2 2 2 2 2 2 2 2 2 2 2 2 2 1 1 1 1 1 1 1 1 1 1 1 1 1 1 1 1 1 1 1 1 1 1 1 1 1 1 1 1 4 # 4 3 3 # 3 3 3 # 2 # 2 2 2
2 2 1 1 1 2 2 2 2 2 2 2 2 2 2 2 2 2 2 2 2 2 2 2 2 2 2 2 1 1 1 1 1 1 1 1 1 1 1 1 1 1 1 1 1 1 1 1 1 # # 1 1 1 1 # 4 4 4 # # 3 3 3 # # 2 # # # 2
2 2 1 1 1 2 2 2 2 2 2 2 2 2 2 2 2 2 2 2 2 2 2 2 2 2 2 2 1 1 1 1 1 1 1 1 1 1 1 1 1 1 1 1 1 1 1 # 1 # 1 1 1 1 1 # 4 # 4 # 3 3 3 # 2 2 2 2 2 # 2
2 2 1 1 1 2 2 2 2 2 2 2 2 2 2 2 2 2 2 2 2 2 2 2 2 2 2 2 1 1 1 1 1 1 1 1 1 1 1 1 1 1 1 1 1 1 1 1 1 # 1 1 1 # 1 1 4 # 4 # 3 # # # 2 # # # 2 # 2
2 2 1 1 1 2 2 2 2 2 2 2 2 2 2 2 2 2 2 2 2 2 2 2 2 2 2 2 1 1 1 1 1 1 1 1 1 1 1 1 1 1 1 # 1 1 1 1 1 1 1 1 1 # 1 4 4 # 4 # 3 3 4 # 2 # 2 # 2 # 2
2 2 1 1 1 2 2 2 2 2 2 2 2 2 2 2 2 2 2 2 2 2 2 2 2 2 2 2 1 1 1 1 1 1 1 1 1 1 1 1 1 1 1 1 1 1 1 # 1 # # 1 # # # 4 # # 4 # # # 4 # 2 # 2 # 2 # 2
2 2 1 1 1 2 2 2 2 2 2 2 2 2 2 2 2 2 2 2 2 2 2 2 2 2 2 2 1 1 1 1 1 1 1 1 1 1 1 1 1 1 1 1 1 1 1 1 1 # 1 1 1 1 1 4 4 # 4 4 4 # 4 # 2 2 2 # 2 # 2
2 2 1 1 1 2 2 2 2 2 2 2 2 2 2 2 2 2 2 2 2 2 2 2 2 2 2 2 1 1 1 1 1 1 1 1 1 1 1 1 1 1 # 1 1 1 # # 1 # 1 # # # # # 4 # 4 # 4 # 4 # # # 2 # 2 # #
2 2 1 1 1 2 2 2 2 2 2 2 2 2 2 2 2 2 2 2 2 2 2 2 2 2 2 2 1 1 1 1 1 1 1 1 1 1 1 1 1 1 1 1 1 # 1 1 1 # 1 # 2 2 2 # 4 # 4 4 4 4 4 # 3 # 2 # 2 2 2
2 2 1 1 1 2 2 2 2 2 2 2 2 2 2 2 2 2 2 2 2 2 2 2 2 2 2 2 1 1 1 1 1 1 1 1 1 # 1 1 1 1 # # 1 # 1 1 1 # 1 # 2 # # # 4 # 4 # # # # # 3 # 2 # # # 2
2 2 1 1 1 2 2 2 2 2 2 2 2 2 2 2 2 2 2 2 2 2 2 2 2 2 2 1 1 1 1 1 1 1 1 1 1 1 1 1 1 1 1 1 1 1 1 1 1 # 1 # 2 2 2 # 4 # 4 # 3 # 3 3 3 # 2 2 2 # 2
2 2 1 1 1 2 2 2 2 2 2 2 2 2 2 2 2 2 2 2 2 2 2 2 2 2 1 1 1 1 1 1 1 1 1 1 1 1 # # # 1 1 # 1 1 # 1 1 1 1 # # # 2 # 4 # 4 # 3 # 3 # 2 # # # 2 # 2
2 2 1 1 1 2 2 2 2 2 2 2 2 2 2 2 2 2 2 2 2 2 2 2 2 1 1 1 1 1 1 1 1 1 1 1 1 # 1 1 1 1 1 # 1 1 1 1 1 1 1 # 2 2 2 # 4 4 4 # 3 3 3 # 2 2 2 2 2 # 2
2 2 1 1 1 2 2 2 2 2 2 2 2 2 2 2 2 2 2 2 2 2 2 2 2 1 1 1 1 1 1 1 1 1 1 1 1 # 1 # # # # # 1 1 1 # 1 # 1 # 2 # # 2 # # # # # # # # # # # # # # 2
2 2 1 1 1 2 2 2 2 2 2 2 2 2 2 2 2 2 2 2 2 2 2 2 2 1 1 1 1 1 1 1 1 1 1 1 1 # 1 1 1 1 1 # 1 1 1 # 1 # 1 # 2 # 2 2 2 2 2 2 2 2 2 2 2 # 2 2 2 2 2
2 2 1 1 1 2 2 2 2 2 2 2 2 2 2 2 2 2 2 2 2 2 2 2 1 1 1 1 1 1 1 1 # 1 1 1 1 # # # # # 1 # 1 # 1 # # # 1 # 2 # 2 # 2 # # # # # # # 2 # 2 # # # 2
2 2 1 1 1 2 2 2 2 2 2 2 2 2 2 2 2 2 2 2 2 2 2 2 1 1 1 1 1 1 1 # 1 1 1 1 1 1 1 1 1 # 1 1 1 # 1 1 1 1 1 # 2 2 2 # 2 # 2 2 2 2 2 # 2 # 2 2 2 # 2
2 2 1 1 1 2 2 2 2 2 2 2 2 2 2 2 2 2 2 2 2 2 2 2 1 1 1 1 1 1 1 1 1 1 1 1 # # 1 # 1 # # # # # # # # # # # # # # # 2 # 2 # 2 # 2 # 2 # # # 2 # 2
2 2 1 1 1 2 2 2 2 2 2 2 2 2 2 2 2 2 2 2 2 2 2 # 1 1 1 1 1 1 1 1 1 1 1 1 1 1 1 # 1 1 1 # 2 2 2 2 2 # 2 2 2 2 2 # 2 # 2 # 2 # 2 # 2 2 2 2 2 # 2
2 2 1 1 1 2 2 2 2 2 2 2 2 2 2 2 2 2 2 2 2 2 2 2 1 1 1 1 1 1 1 1 1 1 1 1 # # # # # # 1 # 2 # # # 2 # # # 2 # 2 # 2 2 # # 2 # 2 2 # # # # # # 2
2 2 1 1 1 2 2 2 2 2 2 2 2 2 2 2 2 2 2 2 2 2 2 2 1 1 1 1 1 1 1 1 1 1 1 1 1 1 1 # 3 # 2 # 2 2 2 # 2 2 2 2 2 # 2 2 2 # 2 2 2 # 2 2 2 2 3 3 3 3 2
2 2 1 1 1 2 2 2 2 2 2 2 2 2 2 2 2 2 2 2 2 2 2 2 1 1 1 1 1 1 1 1 1 1 1 # # 1 1 # 3 # 2 # # # 2 2 # # # # # # # # # # 2 # # # # # # # # # # # 2
2 1 1 1 1 2 2 2 2 2 2 2 2 2 2 2 2 2 2 2 2 2 2 2 1 1 1 1 1 1 1 1 1 1 1 1 1 1 1 # 3 # 2 2 2 2 2 # 3 2 2 # 2 2 2 # 2 2 2 2 2 2 2 2 2 2 2 2 2 2 2
2 1 1 1 1 2 2 2 2 2 2 2 2 2 2 2 2 2 2 2 2 2 2 2 1 1 1 1 1 1 1 1 # 1 1 1 1 # 1 # 3 # # # # # # # 3 # 2 # 2 # 2 # 2 # # # # # # # # # # # # # #
2 1 1 1 1 1 1 1 1 1 1 1 1 1 1 1 1 1 1 1 1 1 1 1 1 1 1 1 1 1 1 1 1 1 1 1 1 1 1 # 3 3 3 3 3 3 3 3 3 # 2 2 2 # 2 2 2 2 2 2 2 2 2 2 2 2 2 2 2 2 .
